0 0.17395833333333333 0.7453703703703703 0.34791666666666665 0.5018518518518519
0 0.36614583333333334 0.3111111111111111 0.16770833333333332 0.2962962962962963
0 0.5989583333333334 0.375 0.10833333333333334 0.39814814814814814
0 0.46875 0.27685185185185185 0.08125 0.20185185185185187
0 0.9046875 0.3435185185185185 0.18645833333333334 0.35
0 0.11979166666666667 0.10185185185185185 0.14375 0.2037037037037037
0 0.43125 0.2074074074074074 0.03125 0.09259259259259259
0 0.9432291666666667 0.30277777777777776 0.11145833333333334 0.1425925925925926
0 0.8333333333333334 0.2953703703703704 0.10208333333333333 0.2537037037037037
0 0.640625 0.2361111111111111 0.052083333333333336 0.12407407407407407
0 0.19479166666666667 0.040740740740740744 0.09375 0.08148148148148149