0 0.18229166666666666 0.35462962962962963 0.3020833333333333 0.4537037037037037
0 0.7932291666666667 0.31574074074074077 0.11979166666666667 0.3648148148148148
0 0.9489583333333333 0.287962962962963 0.1 0.2796296296296296
0 0.4734375 0.25555555555555554 0.11770833333333333 0.22592592592592592
0 0.3880208333333333 0.29074074074074074 0.06145833333333333 0.11481481481481481
0 0.0953125 0.1037037037037037 0.12604166666666666 0.2074074074074074
0 0.6046875 0.31203703703703706 0.12395833333333334 0.2574074074074074
0 0.9223958333333333 0.2222222222222222 0.15104166666666666 0.22592592592592592
0 0.7786458333333334 0.2064814814814815 0.090625 0.17592592592592593
0 0.6276041666666666 0.19814814814814816 0.07395833333333333 0.17037037037037037
0 0.3203125 0.1925925925925926 0.042708333333333334 0.1814814814814815
0 0.5442708333333334 0.20833333333333334 0.071875 0.13518518518518519