0 0.2671875 0.287962962962963 0.22395833333333334 0.31666666666666665
0 0.9572916666666667 0.7046296296296296 0.08333333333333333 0.18333333333333332
0 0.3703125 0.2 0.065625 0.14074074074074075
0 0.5213541666666667 0.36018518518518516 0.28229166666666666 0.42777777777777776
0 0.8005208333333333 0.31203703703703706 0.10104166666666667 0.29444444444444445
0 0.8401041666666667 0.24166666666666667 0.08645833333333333 0.18703703703703703
0 0.9322916666666666 0.26666666666666666 0.08541666666666667 0.2037037037037037
0 0.6614583333333334 0.3101851851851852 0.10625 0.3351851851851852
0 0.2598958333333333 0.18981481481481483 0.059375 0.1685185185185185
0 0.4890625 0.25092592592592594 0.10729166666666666 0.1537037037037037
0 0.38645833333333335 0.18055555555555555 0.03125 0.06851851851851852
0 0.9625 0.31666666666666665 0.07291666666666667 0.10740740740740741