0 0.9161458333333333 0.4962962962962963 0.165625 0.37037037037037035
0 0.228125 0.1648148148148148 0.14166666666666666 0.24074074074074073
0 0.7817708333333333 0.33055555555555555 0.134375 0.4648148148148148
0 0.4395833333333333 0.1962962962962963 0.020833333333333332 0.07407407407407407
0 0.315625 0.29259259259259257 0.08333333333333333 0.24814814814814815
0 0.7 0.2796296296296296 0.08125 0.23703703703703705
0 0.3260416666666667 0.13240740740740742 0.041666666666666664 0.05740740740740741
0 0.884375 0.31851851851851853 0.11666666666666667 0.3592592592592593
0 0.5020833333333333 0.26481481481481484 0.18958333333333333 0.17777777777777778
0 0.06770833333333333 0.12037037037037036 0.06666666666666667 0.15185185185185185
0 0.9151041666666667 0.24166666666666667 0.08645833333333333 0.20925925925925926
0 0.43645833333333334 0.3731481481481482 0.22291666666666668 0.3574074074074074