0 0.5505208333333333 0.549074074074074 0.190625 0.5277777777777778
0 0.033854166666666664 0.20925925925925926 0.06770833333333333 0.362962962962963
0 0.8552083333333333 0.6944444444444444 0.28541666666666665 0.6037037037037037
0 0.3776041666666667 0.5166666666666667 0.215625 0.28888888888888886
0 0.9322916666666666 0.5722222222222222 0.13333333333333333 0.2074074074074074
0 0.3723958333333333 0.39444444444444443 0.13020833333333334 0.15555555555555556
0 0.5916666666666667 0.4 0.12916666666666668 0.18518518518518517
0 0.103125 0.25555555555555554 0.13125 0.2
0 0.8463541666666666 0.5435185185185185 0.24479166666666666 0.43148148148148147
0 0.6625 0.4203703703703704 0.10833333333333334 0.24814814814814815
0 0.10729166666666666 0.14907407407407408 0.11458333333333333 0.16111111111111112