0 0.3614583333333333 0.30277777777777776 0.175 0.29074074074074074
0 0.9010416666666666 0.44537037037037036 0.19375 0.42777777777777776
0 0.06770833333333333 0.7490740740740741 0.13541666666666666 0.4648148148148148
0 0.5927083333333333 0.2861111111111111 0.12916666666666668 0.23148148148148148
0 0.4010416666666667 0.2324074074074074 0.08125 0.13148148148148148
0 0.9557291666666666 0.29814814814814816 0.08645833333333333 0.24814814814814815
0 0.4578125 0.2796296296296296 0.06770833333333333 0.17777777777777778
0 0.190625 0.11851851851851852 0.08541666666666667 0.1259259259259259
0 0.9203125 0.275 0.06979166666666667 0.20185185185185187
0 0.7307291666666667 0.3611111111111111 0.096875 0.3296296296296296
0 0.6177083333333333 0.22407407407407406 0.08333333333333333 0.11481481481481481
0 0.44947916666666665 0.1935185185185185 0.053125 0.09074074074074075
0 0.2911458333333333 0.11388888888888889 0.053125 0.11296296296296296