0 0.884375 0.85 0.22916666666666666 0.27037037037037037
0 0.38125 0.3814814814814815 0.08541666666666667 0.0962962962962963
0 0.44114583333333335 0.5712962962962963 0.20520833333333333 0.32037037037037036
0 0.8442708333333333 0.4648148148148148 0.08645833333333333 0.17777777777777778
0 0.890625 0.5 0.06666666666666667 0.08518518518518518
0 0.9833333333333333 0.5546296296296296 0.03125 0.07222222222222222
0 0.4557291666666667 0.3537037037037037 0.051041666666666666 0.05925925925925926
0 0.7260416666666667 0.6194444444444445 0.225 0.21666666666666667
0 0.7416666666666667 0.4425925925925926 0.0625 0.17037037037037037
0 0.6848958333333334 0.4546296296296296 0.18854166666666666 0.20555555555555555
0 0.528125 0.42777777777777776 0.07916666666666666 0.16296296296296298