0 0.09114583333333333 0.31203703703703706 0.18229166666666666 0.3351851851851852
0 0.2375 0.4222222222222222 0.12291666666666666 0.45925925925925926
0 0.9317708333333333 0.5444444444444444 0.134375 0.3962962962962963
0 0.6291666666666667 0.7268518518518519 0.3875 0.5388888888888889
0 0.06197916666666667 0.612037037037037 0.12395833333333334 0.4166666666666667
0 0.37083333333333335 0.4287037037037037 0.14375 0.387037037037037
0 0.7166666666666667 0.4583333333333333 0.20208333333333334 0.26481481481481484
0 0.8895833333333333 0.25 0.0875 0.21851851851851853
0 0.5942708333333333 0.32037037037037036 0.09479166666666666 0.2962962962962963
0 0.48333333333333334 0.25 0.12291666666666666 0.15555555555555556
0 0.38385416666666666 0.2537037037037037 0.103125 0.23703703703703705
0 0.778125 0.30462962962962964 0.1375 0.32407407407407407