0 0.14895833333333333 0.687962962962963 0.22708333333333333 0.4685185185185185
0 0.5515625 0.6277777777777778 0.253125 0.4740740740740741
0 0.8244791666666667 0.5509259259259259 0.215625 0.45740740740740743
0 0.43697916666666664 0.4898148148148148 0.18854166666666666 0.3648148148148148
0 0.8666666666666667 0.41944444444444445 0.11666666666666667 0.21666666666666667
0 0.24791666666666667 0.2740740740740741 0.1 0.12222222222222222
0 0.5786458333333333 0.38333333333333336 0.07604166666666666 0.2037037037037037
0 0.9770833333333333 0.4898148148148148 0.04375 0.09074074074074075
0 0.25416666666666665 0.4203703703703704 0.14375 0.2222222222222222
0 0.06510416666666667 0.15648148148148147 0.059375 0.05
0 0.030208333333333334 0.08703703703703704 0.06041666666666667 0.07037037037037037
0 0.5078125 0.3111111111111111 0.040625 0.0962962962962963