0 0.3536458333333333 0.26666666666666666 0.14270833333333333 0.2518518518518518
0 0.8489583333333334 0.37222222222222223 0.15416666666666667 0.45185185185185184
0 0.21666666666666667 0.09907407407407408 0.052083333333333336 0.14629629629629629
0 0.5302083333333333 0.3351851851851852 0.17083333333333334 0.34814814814814815
0 0.4427083333333333 0.19814814814814816 0.029166666666666667 0.07407407407407407
0 0.6130208333333333 0.30833333333333335 0.05520833333333333 0.1537037037037037
0 0.7098958333333333 0.27314814814814814 0.071875 0.19444444444444445
0 0.08958333333333333 0.11203703703703703 0.09375 0.17962962962962964
0 0.9723958333333333 0.43148148148148147 0.053125 0.2740740740740741
0 0.04010416666666667 0.10648148148148148 0.08020833333333334 0.21296296296296297
0 0.9067708333333333 0.2833333333333333 0.09270833333333334 0.1925925925925926
0 0.2953125 0.08611111111111111 0.042708333333333334 0.06481481481481481