0 0.7729166666666667 0.37777777777777777 0.26875 0.43333333333333335
0 0.8473958333333333 0.33055555555555555 0.23645833333333333 0.32037037037037036
0 0.121875 0.1037037037037037 0.14791666666666667 0.2074074074074074
0 0.0359375 0.11481481481481481 0.071875 0.22962962962962963
0 0.4479166666666667 0.19722222222222222 0.022916666666666665 0.07592592592592592
0 0.225 0.10277777777777777 0.058333333333333334 0.15
0 0.9572916666666667 0.3074074074074074 0.08333333333333333 0.2962962962962963
0 0.35833333333333334 0.28703703703703703 0.075 0.1962962962962963
0 0.27760416666666665 0.0824074074074074 0.040625 0.046296296296296294
0 0.5729166666666666 0.375 0.19583333333333333 0.29444444444444445
0 0.48333333333333334 0.28055555555555556 0.1375 0.22037037037037038
0 0.5546875 0.2601851851851852 0.11145833333333334 0.17962962962962964
0 0.8776041666666666 0.2777777777777778 0.096875 0.2