0 0.76875 0.5055555555555555 0.20625 0.35185185185185186
0 0.4421875 0.487962962962963 0.11979166666666667 0.3055555555555556
0 0.8994791666666667 0.49537037037037035 0.103125 0.19814814814814816
0 0.9739583333333334 0.7194444444444444 0.05 0.08703703703703704
0 0.37083333333333335 0.3888888888888889 0.06041666666666667 0.15185185185185185
0 0.14947916666666666 0.3212962962962963 0.109375 0.12037037037037036
0 0.22239583333333332 0.2851851851851852 0.046875 0.0962962962962963
0 0.5421875 0.387037037037037 0.06770833333333333 0.14074074074074075
0 0.609375 0.36944444444444446 0.0375 0.08703703703703704
0 0.5145833333333333 0.4287037037037037 0.05416666666666667 0.1388888888888889
0 0.053125 0.2935185185185185 0.10625 0.1537037037037037
0 0.7140625 0.4166666666666667 0.08645833333333333 0.18888888888888888
0 0.24739583333333334 0.22777777777777777 0.040625 0.044444444444444446