0 0.15625 0.7388888888888889 0.3125 0.5148148148148148
0 0.3963541666666667 0.2972222222222222 0.18854166666666666 0.30925925925925923
0 0.9567708333333333 0.43425925925925923 0.084375 0.412962962962963
0 0.7713541666666667 0.4101851851851852 0.16354166666666667 0.24259259259259258
0 0.9203125 0.26481481481481484 0.06770833333333333 0.21851851851851853
0 0.6520833333333333 0.2851851851851852 0.14583333333333334 0.23333333333333334
0 0.17239583333333333 0.08981481481481482 0.071875 0.17962962962962964
0 0.4515625 0.22962962962962963 0.10520833333333333 0.14074074074074075
0 0.4661458333333333 0.20092592592592592 0.071875 0.10185185185185185
0 0.309375 0.11296296296296296 0.0875 0.11481481481481481
0 0.7557291666666667 0.23148148148148148 0.12395833333333334 0.13703703703703704