0 0.5541666666666667 0.5305555555555556 0.3229166666666667 0.4537037037037037
0 0.3296875 0.4546296296296296 0.090625 0.28703703703703703
0 0.90625 0.75 0.18541666666666667 0.4925925925925926
0 0.03333333333333333 0.1814814814814815 0.06666666666666667 0.362962962962963
0 0.39947916666666666 0.44351851851851853 0.06979166666666667 0.17592592592592593
0 0.740625 0.40370370370370373 0.15 0.21851851851851853
0 0.815625 0.5101851851851852 0.30416666666666664 0.387037037037037
0 0.5869791666666667 0.4444444444444444 0.17604166666666668 0.2740740740740741
0 0.9197916666666667 0.41574074074074074 0.10416666666666667 0.19814814814814816
0 0.221875 0.24444444444444444 0.10625 0.13333333333333333
0 0.1171875 0.21953703703703703 0.14270833333333333 0.2424259259259259