0 0.3807291666666667 0.31203703703703706 0.19479166666666667 0.28703703703703703
0 0.1671875 0.762962962962963 0.334375 0.4666666666666667
0 0.5890625 0.3592592592592593 0.11354166666666667 0.3925925925925926
0 0.9536458333333333 0.5638888888888889 0.090625 0.12407407407407407
0 0.11354166666666667 0.09444444444444444 0.12916666666666668 0.18888888888888888
0 0.90625 0.34814814814814815 0.18333333333333332 0.34814814814814815
0 0.4671875 0.27037037037037037 0.06145833333333333 0.21481481481481482
0 0.9427083333333334 0.2953703703703704 0.1125 0.18333333333333332
0 0.6630208333333333 0.24444444444444444 0.04479166666666667 0.1037037037037037
0 0.8119791666666667 0.32685185185185184 0.08645833333333333 0.17592592592592593
0 0.33125 0.13240740740740742 0.0375 0.05740740740740741
0 0.30364583333333334 0.11851851851851852 0.03229166666666667 0.09259259259259259
0 0.43645833333333334 0.2101851851851852 0.027083333333333334 0.09074074074074075