0 0.7697916666666667 0.49074074074074076 0.20625 0.42592592592592593
0 0.35520833333333335 0.4842592592592593 0.1875 0.2351851851851852
0 0.11614583333333334 0.45 0.23229166666666667 0.2962962962962963
0 0.4708333333333333 0.649074074074074 0.19375 0.39814814814814814
0 0.2760416666666667 0.38981481481481484 0.09583333333333334 0.2537037037037037
0 0.30520833333333336 0.22870370370370371 0.052083333333333336 0.14629629629629629
0 0.9119791666666667 0.6935185185185185 0.17395833333333333 0.4166666666666667
0 0.36666666666666664 0.23703703703703705 0.06458333333333334 0.2037037037037037
0 0.8854166666666666 0.2759259259259259 0.14166666666666666 0.31851851851851853
0 0.653125 0.22777777777777777 0.0875 0.25555555555555554
0 0.9661458333333334 0.2601851851851852 0.065625 0.26851851851851855
0 0.5484375 0.27685185185185185 0.07604166666666666 0.2722222222222222
0 0.9119791666666667 0.8083333333333333 0.17395833333333333 0.18703703703703703