0 0.31354166666666666 0.47314814814814815 0.09166666666666666 0.3611111111111111
0 0.8927083333333333 0.4046296296296296 0.13125 0.22777777777777777
0 0.73125 0.5037037037037037 0.13541666666666666 0.34814814814814815
0 0.5869791666666667 0.4638888888888889 0.07395833333333333 0.2796296296296296
0 0.446875 0.42685185185185187 0.07083333333333333 0.2722222222222222
0 0.8114583333333333 0.44351851851851853 0.10833333333333334 0.2759259259259259
0 0.5302083333333333 0.36018518518518516 0.05625 0.13518518518518519
0 0.49166666666666664 0.40185185185185185 0.04791666666666667 0.1962962962962963
0 0.6546875 0.37777777777777777 0.040625 0.12222222222222222
0 0.7546875 0.3685185185185185 0.051041666666666666 0.17777777777777778
0 0.675 0.337037037037037 0.08125 0.1962962962962963
0 0.9885416666666667 0.3296296296296296 0.020833333333333332 0.040740740740740744