0 0.35885416666666664 0.5787037037037037 0.140625 0.3611111111111111
0 0.6875 0.7324074074074074 0.3125 0.35
0 0.8432291666666667 0.5879629629629629 0.14895833333333333 0.3574074074074074
0 0.4875 0.6203703703703703 0.125 0.2851851851851852
0 0.653125 0.524074074074074 0.16041666666666668 0.18518518518518517
0 0.6708333333333333 0.44166666666666665 0.06041666666666667 0.17592592592592593
0 0.9744791666666667 0.4685185185185185 0.04895833333333333 0.23703703703703705
0 0.41354166666666664 0.47962962962962963 0.09166666666666666 0.24444444444444444
0 0.940625 0.7944444444444444 0.11666666666666667 0.36666666666666664
0 0.8401041666666667 0.4462962962962963 0.071875 0.2037037037037037
0 0.5026041666666666 0.47314814814814815 0.057291666666666664 0.17592592592592593
0 0.534375 0.41203703703703703 0.0875 0.11296296296296296
0 0.45729166666666665 0.3888888888888889 0.06458333333333334 0.14444444444444443