0 0.31197916666666664 0.55 0.178125 0.2740740740740741
0 0.8541666666666666 0.7972222222222223 0.28958333333333336 0.40185185185185185
0 0.3546875 0.38055555555555554 0.071875 0.10925925925925926
0 0.7385416666666667 0.6157407407407407 0.22291666666666668 0.22777777777777777
0 0.8921875 0.5 0.06354166666666666 0.08518518518518518
0 0.4395833333333333 0.4648148148148148 0.06041666666666667 0.2
0 0.8359375 0.48333333333333334 0.07395833333333333 0.14444444444444443
0 0.6010416666666667 0.3768518518518518 0.06875 0.11296296296296296
0 0.7666666666666667 0.5009259259259259 0.2125 0.18703703703703703
0 0.9838541666666667 0.5351851851851852 0.030208333333333334 0.1111111111111111
0 0.4744791666666667 0.4351851851851852 0.040625 0.14444444444444443