0 0.9473958333333333 0.35555555555555557 0.103125 0.35185185185185186
0 0.6984375 0.2675925925925926 0.053125 0.18703703703703703
0 0.21770833333333334 0.1037037037037037 0.05 0.15555555555555556
0 0.36302083333333335 0.262037037037037 0.128125 0.22037037037037038
0 0.8145833333333333 0.42962962962962964 0.11875 0.3851851851851852
0 0.55625 0.34074074074074073 0.24583333333333332 0.34074074074074073
0 0.2859375 0.07777777777777778 0.05520833333333333 0.05555555555555555
0 0.7770833333333333 0.2175925925925926 0.09166666666666666 0.1537037037037037
0 0.8598958333333333 0.31851851851851853 0.06979166666666667 0.28888888888888886
0 0.41822916666666665 0.275 0.10729166666666666 0.2351851851851852
0 0.5973958333333333 0.25555555555555554 0.16354166666666667 0.17037037037037037
0 0.08229166666666667 0.11944444444444445 0.11666666666666667 0.19444444444444445