0 0.190625 0.7129629629629629 0.38125 0.5666666666666667
0 0.6463541666666667 0.2601851851851852 0.128125 0.21296296296296297
0 0.44479166666666664 0.33611111111111114 0.175 0.3351851851851852
0 0.9515625 0.26666666666666666 0.09479166666666666 0.2074074074074074
0 0.9161458333333333 0.4740740740740741 0.165625 0.2518518518518518
0 0.8572916666666667 0.29814814814814816 0.18541666666666667 0.26666666666666666
0 0.7520833333333333 0.3425925925925926 0.10416666666666667 0.2962962962962963
0 0.5510416666666667 0.2324074074074074 0.10625 0.14629629629629629
0 0.21875 0.08888888888888889 0.12708333333333333 0.17777777777777778
0 0.4984375 0.20555555555555555 0.04895833333333333 0.11851851851851852
0 0.33177083333333335 0.12129629629629629 0.059375 0.07962962962962963
0 0.35208333333333336 0.26851851851851855 0.06666666666666667 0.17407407407407408