0 0.43645833333333334 0.2740740740740741 0.14375 0.23703703703703705
0 0.3572916666666667 0.27685185185185185 0.06666666666666667 0.21666666666666667
0 0.9036458333333334 0.3277777777777778 0.190625 0.3037037037037037
0 0.5479166666666667 0.3907407407407407 0.21458333333333332 0.24444444444444444
0 0.11875 0.10277777777777777 0.1375 0.20555555555555555
0 0.9848958333333333 0.25555555555555554 0.028125 0.1962962962962963
0 0.825 0.3861111111111111 0.25 0.4685185185185185
0 0.4453125 0.1962962962962963 0.026041666666666668 0.07777777777777778
0 0.28177083333333336 0.08055555555555556 0.04895833333333333 0.046296296296296294
0 0.21770833333333334 0.10185185185185185 0.04583333333333333 0.15185185185185185
0 0.6963541666666667 0.26481481481481484 0.057291666666666664 0.1814814814814815
0 0.0359375 0.11203703703703703 0.071875 0.22407407407407406
0 0.534375 0.2490740740740741 0.07083333333333333 0.1388888888888889