0 0.14635416666666667 0.687037037037037 0.17395833333333333 0.4962962962962963
0 0.9447916666666667 0.6046296296296296 0.10833333333333334 0.2759259259259259
0 0.5390625 0.6824074074074075 0.29270833333333335 0.3574074074074074
0 0.18802083333333333 0.5388888888888889 0.084375 0.21481481481481482
0 0.06510416666666667 0.225 0.13020833333333334 0.14629629629629629
0 0.6192708333333333 0.8138888888888889 0.49270833333333336 0.3685185185185185
0 0.7473958333333334 0.5537037037037037 0.12395833333333334 0.25925925925925924
0 0.2546875 0.6046296296296296 0.12604166666666666 0.31296296296296294
0 0.058333333333333334 0.40925925925925927 0.11666666666666667 0.14444444444444443
0 0.025520833333333333 0.41944444444444445 0.051041666666666666 0.13518518518518519
0 0.5828125 0.4601851851851852 0.03854166666666667 0.09444444444444444