0 0.06145833333333333 0.26666666666666666 0.12291666666666666 0.24074074074074073
0 0.090625 0.5166666666666667 0.18125 0.45555555555555555
0 0.36875 0.24444444444444444 0.08541666666666667 0.22592592592592592
0 0.8265625 0.2916666666666667 0.16354166666666667 0.3388888888888889
0 0.27291666666666664 0.387037037037037 0.12291666666666666 0.4185185185185185
0 0.5927083333333333 0.3055555555555556 0.09166666666666666 0.2777777777777778
0 0.9177083333333333 0.6388888888888888 0.1625 0.3814814814814815
0 0.5052083333333334 0.2388888888888889 0.08958333333333333 0.1814814814814815
0 0.4375 0.22685185185185186 0.0875 0.11666666666666667
0 0.7244791666666667 0.6305555555555555 0.18645833333333334 0.4981481481481482
0 0.34010416666666665 0.4648148148148148 0.13020833333333334 0.29259259259259257
0 0.9416666666666667 0.2953703703703704 0.11458333333333333 0.24259259259259258
0 0.5661458333333333 0.6981481481481482 0.47604166666666664 0.5074074074074074
0 0.8833333333333333 0.2722222222222222 0.12083333333333333 0.2777777777777778