0 0.6635416666666667 0.7601851851851852 0.30625 0.4722222222222222
0 0.1390625 0.6712962962962963 0.24895833333333334 0.5203703703703704
0 0.425 0.40925925925925927 0.2875 0.42962962962962964
0 0.7015625 0.425 0.3177083333333333 0.5685185185185185
0 0.221875 0.4064814814814815 0.22083333333333333 0.5425925925925926
0 0.025 0.462037037037037 0.05 0.28703703703703703
0 0.42864583333333334 0.2657407407407407 0.11145833333333334 0.18703703703703703
0 0.9260416666666667 0.5657407407407408 0.14583333333333334 0.4166666666666667
0 0.6666666666666666 0.29259259259259257 0.21666666666666667 0.2777777777777778
0 0.9473958333333333 0.3055555555555556 0.103125 0.2074074074074074
0 0.6515625 0.25277777777777777 0.07395833333333333 0.21296296296296297
0 0.16666666666666666 0.29074074074074074 0.10416666666666667 0.2222222222222222
0 0.4125 0.23055555555555557 0.04791666666666667 0.10555555555555556