0 0.06510416666666667 0.12407407407407407 0.13020833333333334 0.24814814814814815
0 0.6875 0.5055555555555555 0.14791666666666667 0.5259259259259259
0 0.2604166666666667 0.21851851851851853 0.05416666666666667 0.2
0 0.3651041666666667 0.2824074074074074 0.153125 0.20185185185185187
0 0.9322916666666666 0.39351851851851855 0.11875 0.387037037037037
0 0.48854166666666665 0.29814814814814816 0.07291666666666667 0.29259259259259257
0 0.9744791666666667 0.38425925925925924 0.04895833333333333 0.387037037037037
0 0.3625 0.19166666666666668 0.025 0.06111111111111111
0 0.7817708333333333 0.34444444444444444 0.16145833333333334 0.35555555555555557
0 0.5703125 0.2351851851851852 0.03854166666666667 0.09259259259259259
0 0.5026041666666666 0.2222222222222222 0.06354166666666666 0.15925925925925927