0 0.4609375 0.4009259259259259 0.271875 0.4351851851851852
0 0.13802083333333334 0.6537037037037037 0.27395833333333336 0.6037037037037037
0 0.7296875 0.41944444444444445 0.23229166666666667 0.5648148148148148
0 0.6317708333333333 0.2833333333333333 0.12395833333333334 0.26666666666666666
0 0.6354166666666666 0.7907407407407407 0.5083333333333333 0.4148148148148148
0 0.2557291666666667 0.42314814814814816 0.28229166666666666 0.512962962962963
0 0.4453125 0.2722222222222222 0.11770833333333333 0.22592592592592592
0 0.9109375 0.5416666666666666 0.17604166666666668 0.18333333333333332
0 0.9458333333333333 0.3148148148148148 0.10625 0.2740740740740741
0 0.09270833333333334 0.43148148148148147 0.18541666666666667 0.5074074074074074
0 0.1375 0.31851851851851853 0.10208333333333333 0.2814814814814815