0 0.9161458333333333 0.6527777777777778 0.165625 0.2462962962962963
0 0.38958333333333334 0.5814814814814815 0.15416666666666667 0.362962962962963
0 0.39947916666666666 0.38981481481481484 0.051041666666666666 0.07592592592592592
0 0.6546875 0.4287037037037037 0.08229166666666667 0.21666666666666667
0 0.8994791666666667 0.4666666666666667 0.08645833333333333 0.2518518518518518
0 0.8390625 0.43333333333333335 0.08229166666666667 0.15185185185185185
0 0.21354166666666666 0.26851851851851855 0.07708333333333334 0.07777777777777778
0 0.5265625 0.48148148148148145 0.140625 0.21851851851851853
0 0.4109375 0.31851851851851853 0.023958333333333335 0.040740740740740744
0 0.4973958333333333 0.31574074074074077 0.03854166666666667 0.046296296296296294
0 0.7119791666666667 0.37037037037037035 0.053125 0.13333333333333333
0 0.565625 0.425 0.08125 0.1574074074074074
0 0.23645833333333333 0.2037037037037037 0.027083333333333334 0.040740740740740744