0 0.8744791666666667 0.45925925925925926 0.18645833333333334 0.44814814814814813
0 0.340625 0.3175925925925926 0.16875 0.2611111111111111
0 0.051041666666666666 0.7675925925925926 0.10208333333333333 0.45740740740740743
0 0.7145833333333333 0.34814814814814815 0.1 0.34074074074074073
0 0.38645833333333335 0.2222222222222222 0.10208333333333333 0.15925925925925927
0 0.28020833333333334 0.11388888888888889 0.03958333333333333 0.11666666666666667
0 0.56875 0.2916666666666667 0.1125 0.24259259259259258
0 0.46197916666666666 0.2675925925925926 0.065625 0.21296296296296297
0 0.6020833333333333 0.2361111111111111 0.09583333333333334 0.12407407407407407
0 0.1859375 0.09074074074074075 0.11145833333333334 0.1814814814814815
0 0.95625 0.29907407407407405 0.08541666666666667 0.25
0 0.20260416666666667 0.13333333333333333 0.07604166666666666 0.09259259259259259
0 0.9197916666666667 0.30185185185185187 0.075 0.2
0 0.31145833333333334 0.13518518518518519 0.025 0.06666666666666667