0 0.38645833333333335 0.562962962962963 0.18125 0.24074074074074073
0 0.7817708333333333 0.6851851851851852 0.18229166666666666 0.25925925925925924
0 0.9489583333333333 0.6861111111111111 0.1 0.2722222222222222
0 0.2622083333333333 0.7647037037037037 0.21726041666666665 0.3557592592592593
0 0.6380208333333334 0.4962962962962963 0.06979166666666667 0.1925925925925926
0 0.44126041666666665 0.8350740740740741 0.17164583333333333 0.32037037037037036
0 0.54375 0.6101851851851852 0.13958333333333334 0.19814814814814816
0 0.409375 0.32685185185185184 0.03958333333333333 0.12407407407407407
0 0.8645833333333334 0.5277777777777778 0.08958333333333333 0.21851851851851853
0 0.4354166666666667 0.4898148148148148 0.06041666666666667 0.13518518518518519
0 0.4479166666666667 0.42777777777777776 0.05416666666666667 0.12962962962962962
0 0.9333333333333333 0.9111111111111111 0.13125 0.17407407407407408
0 0.165625 0.6962962962962963 0.1375 0.2518518518518518
0 0.78125 0.5416666666666666 0.09583333333333334 0.18333333333333332
0 0.7286458333333333 0.8787037037037037 0.14895833333333333 0.2388888888888889
0 0.8203125 0.5138888888888888 0.07395833333333333 0.20185185185185187