0 0.27447916666666666 0.29074074074074074 0.23229166666666667 0.31851851851851853
0 0.465625 0.35555555555555557 0.27708333333333335 0.4148148148148148
0 0.9411458333333333 0.6787037037037037 0.115625 0.20925925925925926
0 0.37604166666666666 0.2 0.07083333333333333 0.13703703703703704
0 0.6359375 0.3037037037037037 0.15104166666666666 0.32222222222222224
0 0.84375 0.23333333333333334 0.075 0.17777777777777778
0 0.25833333333333336 0.17777777777777778 0.06666666666666667 0.13703703703703704
0 0.815625 0.3148148148148148 0.11875 0.2962962962962963
0 0.49635416666666665 0.22870370370370371 0.06145833333333333 0.09814814814814815
0 0.9645833333333333 0.32037037037037036 0.06875 0.14074074074074075
0 0.9302083333333333 0.2833333333333333 0.0875 0.16666666666666666