0 0.8958333333333334 0.5527777777777778 0.20416666666666666 0.39814814814814814
0 0.2734375 0.5361111111111111 0.16979166666666667 0.32037037037037036
0 0.47239583333333335 0.4546296296296296 0.15520833333333334 0.26851851851851855
0 0.06770833333333333 0.29074074074074074 0.13541666666666666 0.14814814814814814
0 0.3984375 0.39166666666666666 0.04895833333333333 0.07962962962962963
0 0.8364583333333333 0.42685185185185187 0.09791666666666667 0.1537037037037037
0 0.5567708333333333 0.41574074074074074 0.071875 0.14629629629629629
0 0.4041666666666667 0.32314814814814813 0.025 0.03518518518518519
0 0.22552083333333334 0.26666666666666666 0.06354166666666666 0.09259259259259259
0 0.6536458333333334 0.44074074074074077 0.06145833333333333 0.21481481481481482
0 0.9375 0.43703703703703706 0.12083333333333333 0.17037037037037037