0 0.4427083333333333 0.33425925925925926 0.20416666666666666 0.31296296296296294
0 0.2 0.712037037037037 0.4 0.5685185185185185
0 0.5359375 0.23055555555555557 0.103125 0.14629629629629629
0 0.7635416666666667 0.337037037037037 0.08541666666666667 0.32222222222222224
0 0.9614583333333333 0.44907407407407407 0.075 0.13518518518518519
0 0.6526041666666667 0.26666666666666666 0.140625 0.1962962962962963
0 0.19427083333333334 0.08981481481481482 0.09479166666666666 0.17962962962962964
0 0.9213541666666667 0.27037037037037037 0.09479166666666666 0.2
0 0.8411458333333334 0.33611111111111114 0.10520833333333333 0.17592592592592593
0 0.36614583333333334 0.2861111111111111 0.042708333333333334 0.13518518518518519
0 0.328125 0.11666666666666667 0.058333333333333334 0.08518518518518518
0 0.9578125 0.2916666666666667 0.08229166666666667 0.22037037037037038
0 0.4703125 0.20092592592592592 0.053125 0.09814814814814815