0 0.9005208333333333 0.4351851851851852 0.19479166666666667 0.5259259259259259
0 0.6864583333333333 0.6953703703703704 0.21458333333333332 0.6018518518518519
0 0.49166666666666664 0.2972222222222222 0.19791666666666666 0.31666666666666665
0 0.17239583333333333 0.11388888888888889 0.15729166666666666 0.20925925925925926
0 0.6911458333333333 0.3509259259259259 0.26145833333333335 0.3537037037037037
0 0.9390625 0.29259259259259257 0.115625 0.24444444444444444
0 0.315625 0.22592592592592592 0.03958333333333333 0.1037037037037037
0 0.051041666666666666 0.09166666666666666 0.10208333333333333 0.18333333333333332
0 0.34791666666666665 0.18611111111111112 0.035416666666666666 0.07962962962962963
0 0.7182291666666667 0.27685185185185185 0.14895833333333333 0.18333333333333332
0 0.2125 0.08981481481481482 0.08125 0.13148148148148148
0 0.5145833333333333 0.2111111111111111 0.06041666666666667 0.13703703703703704