0 0.7557291666666667 0.6620370370370371 0.2635416666666667 0.4203703703703704
0 0.4734375 0.4898148148148148 0.165625 0.2796296296296296
0 0.9364583333333333 0.5990740740740741 0.125 0.40555555555555556
0 0.19114583333333332 0.1685185185185185 0.05520833333333333 0.08148148148148149
0 0.5255208333333333 0.4537037037037037 0.05520833333333333 0.13703703703703704
0 0.9796875 0.5277777777777778 0.03854166666666667 0.10740740740740741
0 0.6182291666666667 0.375 0.030208333333333334 0.10925925925925926
0 0.7484375 0.4564814814814815 0.065625 0.17592592592592593
0 0.684375 0.45092592592592595 0.06875 0.18333333333333332
0 0.8328125 0.43796296296296294 0.078125 0.10185185185185185
0 0.5046875 0.39166666666666666 0.03854166666666667 0.13148148148148148