0 0.22083333333333333 0.7351851851851852 0.44166666666666665 0.5259259259259259
0 0.49166666666666664 0.35555555555555557 0.23125 0.3888888888888889
0 0.3494791666666667 0.2712962962962963 0.10104166666666667 0.17222222222222222
0 0.8552083333333333 0.41203703703703703 0.26875 0.3648148148148148
0 0.6734375 0.3435185185185185 0.190625 0.2574074074074074
0 0.6140625 0.24074074074074073 0.13020833333333334 0.1925925925925926
0 0.23802083333333332 0.13796296296296295 0.14895833333333333 0.2759259259259259
0 0.32395833333333335 0.11666666666666667 0.058333333333333334 0.12962962962962962
0 0.5171875 0.2074074074074074 0.04479166666666667 0.11481481481481481
0 0.5682291666666667 0.22592592592592592 0.084375 0.15185185185185185
0 0.7625 0.23425925925925925 0.07708333333333334 0.1388888888888889
0 0.6984375 0.2064814814814815 0.051041666666666666 0.12037037037037036
0 0.9369791666666667 0.287962962962963 0.12395833333333334 0.2388888888888889