0 0.21979166666666666 0.37222222222222223 0.2708333333333333 0.4185185185185185
0 0.8395833333333333 0.3574074074074074 0.19375 0.362962962962963
0 0.11354166666666667 0.12962962962962962 0.225 0.24444444444444444
0 0.790625 0.21574074074074073 0.13333333333333333 0.17222222222222222
0 0.5651041666666666 0.3175925925925926 0.11770833333333333 0.2833333333333333
0 0.3234375 0.21574074074074073 0.042708333333333334 0.16111111111111112
0 0.234375 0.1111111111111111 0.035416666666666666 0.1111111111111111
0 0.425 0.27037037037037037 0.16666666666666666 0.23333333333333334
0 0.6270833333333333 0.2351851851851852 0.09166666666666666 0.2037037037037037
0 0.09010416666666667 0.023148148148148147 0.051041666666666666 0.046296296296296294
0 0.9572916666666667 0.262037037037037 0.08333333333333333 0.19074074074074074