0 0.6046875 0.35462962962962963 0.23645833333333333 0.4166666666666667
0 0.5083333333333333 0.2824074074074074 0.1125 0.29074074074074074
0 0.9546875 0.23796296296296296 0.08854166666666667 0.26481481481481484
0 0.17864583333333334 0.12777777777777777 0.11979166666666667 0.1259259259259259
0 0.023958333333333335 0.5231481481481481 0.04791666666666667 0.28703703703703703
0 0.24791666666666667 0.13055555555555556 0.03958333333333333 0.09444444444444444
0 0.050520833333333334 0.15092592592592594 0.10104166666666667 0.14629629629629629
0 0.8723958333333334 0.22685185185185186 0.10729166666666666 0.19444444444444445
0 0.7723958333333333 0.23333333333333334 0.17395833333333333 0.2518518518518518
0 0.5598958333333334 0.2 0.040625 0.1037037037037037
0 0.3411458333333333 0.26944444444444443 0.10104166666666667 0.2388888888888889
0 0.42916666666666664 0.24722222222222223 0.07708333333333334 0.16111111111111112