0 0.5875 0.6768518518518518 0.39791666666666664 0.5537037037037037
0 0.9015625 0.6388888888888888 0.19479166666666667 0.32222222222222224
0 0.26979166666666665 0.3861111111111111 0.10625 0.37222222222222223
0 0.8869791666666667 0.3 0.20729166666666668 0.3592592592592593
0 0.09166666666666666 0.5083333333333333 0.18333333333333332 0.3314814814814815
0 0.365625 0.23425925925925925 0.0625 0.2388888888888889
0 0.7145833333333333 0.5916666666666667 0.1875 0.3537037037037037
0 0.5255208333333333 0.23425925925925925 0.05520833333333333 0.17222222222222222
0 0.3609375 0.4962962962962963 0.190625 0.3074074074074074
0 0.9432291666666667 0.24722222222222223 0.109375 0.21296296296296297
0 0.9557291666666666 0.8546296296296296 0.08645833333333333 0.2833333333333333
0 0.43802083333333336 0.23796296296296296 0.103125 0.10185185185185185