0 0.3046875 0.7268518518518519 0.609375 0.5425925925925926
0 0.5 0.35185185185185186 0.23125 0.3962962962962963
0 0.8588541666666667 0.387037037037037 0.271875 0.3851851851851852
0 0.3567708333333333 0.27314814814814814 0.134375 0.17592592592592593
0 0.078125 0.1111111111111111 0.14375 0.13703703703703704
0 0.5270833333333333 0.21203703703703702 0.05416666666666667 0.10925925925925926
0 0.5979166666666667 0.24166666666666667 0.14583333333333334 0.1685185185185185
0 0.24583333333333332 0.2101851851851852 0.06041666666666667 0.1388888888888889
0 0.48489583333333336 0.2037037037037037 0.030208333333333334 0.07037037037037037
0 0.32864583333333336 0.1425925925925926 0.06145833333333333 0.0962962962962963
0 0.6651041666666667 0.3194444444444444 0.171875 0.2833333333333333