0 0.9463541666666667 0.7166666666666667 0.10520833333333333 0.18518518518518517
0 0.7213541666666666 0.5138888888888888 0.21145833333333333 0.3388888888888889
0 0.36302083333333335 0.4009259259259259 0.059375 0.16111111111111112
0 0.14947916666666666 0.2972222222222222 0.14479166666666668 0.2759259259259259
0 0.6067708333333334 0.3537037037037037 0.036458333333333336 0.12222222222222222
0 0.21666666666666667 0.287962962962963 0.05 0.10555555555555556
0 0.033854166666666664 0.3074074074074074 0.06770833333333333 0.26666666666666666
0 0.44166666666666665 0.4981481481481482 0.1125 0.3037037037037037
0 0.2453125 0.22962962962962963 0.04479166666666667 0.04814814814814815
0 0.7026041666666667 0.40185185185185185 0.07395833333333333 0.17777777777777778
0 0.5364583333333334 0.39351851851851855 0.08125 0.13518518518518519
0 0.8890625 0.46944444444444444 0.12395833333333334 0.22407407407407406