0 0.6197916666666666 0.35185185185185186 0.14583333333333334 0.40370370370370373
0 0.3984375 0.3138888888888889 0.20104166666666667 0.29074074074074074
0 0.12552083333333333 0.7490740740740741 0.25104166666666666 0.49444444444444446
0 0.896875 0.5851851851851851 0.20416666666666666 0.3074074074074074
0 0.7958333333333333 0.29074074074074074 0.10416666666666667 0.23703703703703705
0 0.46770833333333334 0.2564814814814815 0.06041666666666667 0.17592592592592593
0 0.11927083333333334 0.09537037037037037 0.13020833333333334 0.19074074074074074
0 0.69375 0.24074074074074073 0.07291666666666667 0.1111111111111111
0 0.9130208333333333 0.3472222222222222 0.14270833333333333 0.30925925925925923
0 0.9364583333333333 0.25833333333333336 0.08333333333333333 0.1685185185185185
0 0.31666666666666665 0.12129629629629629 0.06666666666666667 0.09814814814814815
0 0.43645833333333334 0.20925925925925926 0.027083333333333334 0.0962962962962963