0 0.10520833333333333 0.5074074074074074 0.21041666666666667 0.31851851851851853
0 0.5916666666666667 0.38796296296296295 0.18541666666666667 0.43148148148148147
0 0.0453125 0.1388888888888889 0.090625 0.18518518518518517
0 0.31197916666666664 0.28055555555555556 0.109375 0.20925925925925926
0 0.5197916666666667 0.29907407407407405 0.12291666666666666 0.2722222222222222
0 0.19114583333333332 0.11481481481481481 0.08645833333333333 0.12962962962962962
0 0.8432291666666667 0.15185185185185185 0.18645833333333334 0.3037037037037037
0 0.7244791666666667 0.27314814814814814 0.103125 0.1574074074074074
0 0.24583333333333332 0.12407407407407407 0.041666666666666664 0.1
0 0.5625 0.21296296296296297 0.04791666666666667 0.10740740740740741
0 0.4041666666666667 0.20277777777777778 0.058333333333333334 0.07222222222222222
0 0.9651041666666667 0.25 0.06770833333333333 0.27037037037037037
0 0.8526041666666667 0.23796296296296296 0.109375 0.19074074074074074
0 0.4197916666666667 0.2824074074074074 0.09166666666666666 0.10185185185185185
0 0.353125 0.20555555555555555 0.04583333333333333 0.07037037037037037