0 0.1640625 0.6962962962962963 0.328125 0.6
0 0.2171875 0.09444444444444444 0.134375 0.18888888888888888
0 0.46822916666666664 0.34629629629629627 0.190625 0.35555555555555557
0 0.6354166666666666 0.25462962962962965 0.11666666666666667 0.20555555555555555
0 0.7151041666666667 0.3194444444444444 0.184375 0.30925925925925923
0 0.5682291666666667 0.225 0.096875 0.15
0 0.9484375 0.24537037037037038 0.084375 0.17592592592592593
0 0.8890625 0.2777777777777778 0.11770833333333333 0.2222222222222222
0 0.32760416666666664 0.12129629629629629 0.059375 0.08333333333333333
0 0.36354166666666665 0.28055555555555556 0.06666666666666667 0.1574074074074074
0 0.8890625 0.41203703703703703 0.21770833333333334 0.3685185185185185