0 0.4713541666666667 0.6231481481481481 0.43645833333333334 0.6574074074074074
0 0.9161458333333333 0.38333333333333336 0.165625 0.24444444444444444
0 0.5744791666666667 0.3388888888888889 0.16770833333333332 0.2851851851851852
0 0.7223958333333333 0.4527777777777778 0.128125 0.3907407407407407
0 0.11770833333333333 0.09537037037037037 0.07083333333333333 0.18703703703703703
0 0.1484375 0.35 0.11770833333333333 0.35185185185185186
0 0.628125 0.2759259259259259 0.09791666666666667 0.26296296296296295
0 0.31197916666666664 0.26666666666666666 0.10104166666666667 0.14814814814814814
0 0.2552083333333333 0.13240740740740742 0.06666666666666667 0.11296296296296296
0 0.4484375 0.27037037037037037 0.103125 0.22592592592592592
0 0.26145833333333335 0.41574074074074074 0.28541666666666665 0.3574074074074074
0 0.4588541666666667 0.22592592592592592 0.036458333333333336 0.08148148148148149
0 0.7760416666666666 0.262037037037037 0.12708333333333333 0.18703703703703703