0 0.14010416666666667 0.6861111111111111 0.15520833333333334 0.4648148148148148
0 0.4828125 0.6 0.21979166666666666 0.34444444444444444
0 0.809375 0.812037037037037 0.37916666666666665 0.37222222222222223
0 0.22083333333333333 0.5333333333333333 0.11875 0.2074074074074074
0 0.6052083333333333 0.5009259259259259 0.05625 0.23148148148148148
0 0.2947916666666667 0.6074074074074074 0.14166666666666666 0.3148148148148148
0 0.7197916666666667 0.7157407407407408 0.23125 0.32037037037037036
0 0.04635416666666667 0.38425925925925924 0.09270833333333334 0.1425925925925926
0 0.3104166666666667 0.44907407407407407 0.058333333333333334 0.13518518518518519
0 0.7723958333333333 0.46574074074074073 0.08229166666666667 0.1648148148148148
0 0.428125 0.5083333333333333 0.13125 0.2574074074074074
0 0.9 0.6037037037037037 0.16666666666666666 0.37037037037037035
0 0.715625 0.5212962962962963 0.08125 0.2351851851851852
0 0.07864583333333333 0.20925925925925926 0.096875 0.15185185185185185