0 0.89375 0.43148148148148147 0.20833333333333334 0.5148148148148148
0 0.6734375 0.6203703703703703 0.234375 0.5962962962962963
0 0.24010416666666667 0.24537037037037038 0.134375 0.25
0 0.5973958333333333 0.2898148148148148 0.12395833333333334 0.2574074074074074
0 0.9270833333333334 0.2777777777777778 0.09791666666666667 0.2074074074074074
0 0.24375 0.08703703703703704 0.14375 0.16666666666666666
0 0.049479166666666664 0.08703703703703704 0.09895833333333333 0.17407407407407408
0 0.34739583333333335 0.18425925925925926 0.028125 0.07592592592592592
0 0.31302083333333336 0.18888888888888888 0.04479166666666667 0.17037037037037037
0 0.49895833333333334 0.2037037037037037 0.04791666666666667 0.11851851851851852
0 0.7244791666666667 0.32222222222222224 0.196875 0.3148148148148148
0 0.4739583333333333 0.32222222222222224 0.13333333333333333 0.25925925925925924