0 0.49895833333333334 0.5907407407407408 0.225 0.35185185185185186
0 0.7208333333333333 0.6222222222222222 0.23541666666666666 0.2074074074074074
0 0.8322916666666667 0.46111111111111114 0.06875 0.17777777777777778
0 0.9317708333333333 0.8527777777777777 0.134375 0.12407407407407407
0 0.475 0.4601851851851852 0.11458333333333333 0.12777777777777777
0 0.9796875 0.5416666666666666 0.03854166666666667 0.09814814814814815
0 0.8869791666666667 0.5 0.06979166666666667 0.08518518518518518
0 0.38958333333333334 0.38055555555555554 0.07708333333333334 0.10185185185185185
0 0.42916666666666664 0.30092592592592593 0.058333333333333334 0.10555555555555556
0 0.7432291666666667 0.44907407407407407 0.053125 0.17962962962962964
0 0.6526041666666667 0.5277777777777778 0.13854166666666667 0.1814814814814815