0 0.3140625 0.47685185185185186 0.08645833333333333 0.35
0 0.7270833333333333 0.4962962962962963 0.14791666666666667 0.34814814814814815
0 0.59375 0.45740740740740743 0.08958333333333333 0.2814814814814815
0 0.44166666666666665 0.42314814814814816 0.06875 0.2722222222222222
0 0.8916666666666667 0.3990740740740741 0.13333333333333333 0.22777777777777777
0 0.8088541666666667 0.44351851851851853 0.12395833333333334 0.26851851851851855
0 0.5255208333333333 0.35833333333333334 0.057291666666666664 0.11666666666666667
0 0.64375 0.3768518518518518 0.041666666666666664 0.10925925925925926
0 0.7765625 0.35833333333333334 0.036458333333333336 0.11296296296296296
0 0.4875 0.3925925925925926 0.04791666666666667 0.1962962962962963
0 0.746875 0.38333333333333336 0.05 0.15925925925925927