0 0.4552083333333333 0.4046296296296296 0.23541666666666666 0.4722222222222222
0 0.31875 0.2962962962962963 0.13125 0.3074074074074074
0 0.8822916666666667 0.31203703703703706 0.13125 0.3537037037037037
0 0.6567708333333333 0.35185185185185186 0.2677083333333333 0.36666666666666664
0 0.45364583333333336 0.23055555555555557 0.065625 0.21666666666666667
0 0.7005208333333334 0.20925925925925926 0.06770833333333333 0.12222222222222222
0 0.2520833333333333 0.11574074074074074 0.04375 0.11666666666666667
0 0.5807291666666666 0.2462962962962963 0.040625 0.11481481481481481
0 0.16458333333333333 0.08981481481481482 0.10416666666666667 0.17962962962962964
0 0.10208333333333333 0.09537037037037037 0.15208333333333332 0.19074074074074074
0 0.3296875 0.13148148148148148 0.034375 0.04814814814814815
0 0.81875 0.2824074074074074 0.09375 0.26851851851851855