0 0.8828125 0.8240740740740741 0.23229166666666667 0.34814814814814815
0 0.3776041666666667 0.5601851851851852 0.190625 0.30925925925925923
0 0.3619791666666667 0.37777777777777777 0.07604166666666666 0.10740740740740741
0 0.7302083333333333 0.6148148148148148 0.22083333333333333 0.22592592592592592
0 0.840625 0.4675925925925926 0.08541666666666667 0.17222222222222222
0 0.49375 0.42962962962962964 0.058333333333333334 0.15925925925925927
0 0.7447916666666666 0.48703703703703705 0.175 0.26296296296296295
0 0.6036458333333333 0.3925925925925926 0.059375 0.07777777777777778
0 0.8932291666666666 0.49907407407407406 0.059375 0.08333333333333333
0 0.9848958333333333 0.5564814814814815 0.028125 0.07222222222222222
0 0.18697916666666667 0.19074074074074074 0.042708333333333334 0.03333333333333333
0 0.459375 0.3453703703703704 0.04375 0.06851851851851852