0 0.13072916666666667 0.6638888888888889 0.12395833333333334 0.4648148148148148
0 0.85 0.8898148148148148 0.29791666666666666 0.21666666666666667
0 0.8260416666666667 0.6620370370370371 0.32916666666666666 0.3907407407407407
0 0.24895833333333334 0.5083333333333333 0.11458333333333333 0.19444444444444445
0 0.5395833333333333 0.5824074074074074 0.15833333333333333 0.34629629629629627
0 0.3734375 0.5740740740740741 0.19895833333333332 0.4222222222222222
0 0.7161458333333334 0.5212962962962963 0.109375 0.30185185185185187
0 0.0765625 0.31666666666666665 0.11770833333333333 0.22962962962962963
0 0.7723958333333333 0.44537037037037036 0.09270833333333334 0.1574074074074074
0 0.31875 0.43148148148148147 0.04583333333333333 0.1111111111111111
0 0.6161458333333333 0.47962962962962963 0.042708333333333334 0.1925925925925926