0 0.5119791666666667 0.6601851851851852 0.2864583333333333 0.4203703703703704
0 0.8932291666666666 0.7314814814814815 0.21145833333333333 0.4074074074074074
0 0.375 0.48055555555555557 0.225 0.2796296296296296
0 0.7369791666666666 0.5740740740740741 0.16145833333333334 0.3814814814814815
0 0.28229166666666666 0.4111111111111111 0.10208333333333333 0.3111111111111111
0 0.10104166666666667 0.5212962962962963 0.20208333333333334 0.37962962962962965
0 0.35833333333333334 0.2361111111111111 0.052083333333333336 0.21666666666666667
0 0.9265625 0.31296296296296294 0.14270833333333333 0.37037037037037035
0 0.3145833333333333 0.22962962962962963 0.04375 0.13703703703703704
0 0.43072916666666666 0.23981481481481481 0.10104166666666667 0.09444444444444444
0 0.7703125 0.24351851851851852 0.10520833333333333 0.19444444444444445
0 0.55625 0.287962962962963 0.10208333333333333 0.26851851851851855
0 0.6552083333333333 0.26296296296296295 0.11875 0.1814814814814815