0 0.30885416666666665 0.29259259259259257 0.078125 0.28888888888888886
0 0.4515625 0.3824074074074074 0.165625 0.4203703703703704
0 0.9104166666666667 0.42592592592592593 0.17708333333333334 0.48518518518518516
0 0.0859375 0.09814814814814815 0.171875 0.1962962962962963
0 0.7307291666666667 0.3962962962962963 0.18229166666666666 0.32592592592592595
0 0.4401041666666667 0.1925925925925926 0.026041666666666668 0.08148148148148149
0 0.32916666666666666 0.13240740740740742 0.035416666666666666 0.05
0 0.5723958333333333 0.24351851851851852 0.05520833333333333 0.13518518518518519
0 0.4708333333333333 0.2861111111111111 0.12708333333333333 0.22407407407407406
0 0.7390625 0.23796296296296296 0.09895833333333333 0.18333333333333332
0 0.17291666666666666 0.11388888888888889 0.17083333333333334 0.14629629629629629