0 0.49895833333333334 0.8185185185185185 0.2833333333333333 0.3592592592592593
0 0.9557291666666666 0.5518518518518518 0.08645833333333333 0.1925925925925926
0 0.15625 0.6768518518518518 0.13958333333333334 0.4388888888888889
0 0.07864583333333333 0.2222222222222222 0.09270833333333334 0.15185185185185185
0 0.10833333333333334 0.3611111111111111 0.18333333333333332 0.25925925925925924
0 0.016666666666666666 0.43796296296296294 0.03333333333333333 0.11296296296296296
0 0.9791666666666666 0.850925925925926 0.03958333333333333 0.11666666666666667
0 0.8005208333333333 0.6027777777777777 0.30104166666666665 0.3907407407407407
0 0.7166666666666667 0.6398148148148148 0.19583333333333333 0.387037037037037
0 0.2635416666666667 0.6037037037037037 0.13125 0.34444444444444444
0 0.8682291666666667 0.6342592592592593 0.16770833333333332 0.3277777777777778