0 0.32447916666666665 0.47685185185185186 0.090625 0.3648148148148148
0 0.8911458333333333 0.8240740740740741 0.215625 0.25925925925925924
0 0.5973958333333333 0.4777777777777778 0.14270833333333333 0.29259259259259257
0 0.4671875 0.4287037037037037 0.09270833333333334 0.2611111111111111
0 0.7223958333333333 0.5046296296296297 0.103125 0.3611111111111111
0 0.8770833333333333 0.41203703703703703 0.14791666666666667 0.22407407407407406
0 0.571875 0.3537037037037037 0.05 0.12222222222222222
0 0.9729166666666667 0.5407407407407407 0.052083333333333336 0.06666666666666667
0 0.9229166666666667 0.49074074074074076 0.09791666666666667 0.05555555555555555
0 0.49322916666666666 0.3962962962962963 0.05520833333333333 0.16666666666666666
0 0.7739583333333333 0.4861111111111111 0.075 0.32037037037037036