0 0.0421875 0.2962962962962963 0.084375 0.1925925925925926
0 0.5739583333333333 0.7583333333333333 0.26666666666666666 0.47962962962962963
0 0.5609375 0.4666666666666667 0.09479166666666666 0.21851851851851853
0 0.7895833333333333 0.600925925925926 0.21875 0.2611111111111111
0 0.30885416666666665 0.3962962962962963 0.04895833333333333 0.09259259259259259
0 0.9828125 0.5157407407407407 0.03229166666666667 0.14629629629629629
0 0.48020833333333335 0.4101851851851852 0.06875 0.12777777777777777
0 0.43020833333333336 0.4 0.06666666666666667 0.08148148148148149
0 0.6161458333333333 0.39814814814814814 0.03854166666666667 0.06296296296296296
0 0.7270833333333333 0.43703703703703706 0.058333333333333334 0.16666666666666666
0 0.8713541666666667 0.5009259259259259 0.134375 0.29814814814814816
0 0.20833333333333334 0.19722222222222222 0.05 0.046296296296296294