0 0.13802083333333334 0.4842592592592593 0.2760416666666667 0.3277777777777778
0 0.9317708333333333 0.3638888888888889 0.134375 0.22777777777777777
0 0.07239583333333334 0.18888888888888888 0.14479166666666668 0.3333333333333333
0 0.7354166666666667 0.26666666666666666 0.14583333333333334 0.21851851851851853
0 0.7270833333333333 0.40185185185185185 0.26458333333333334 0.337037037037037
0 0.42864583333333334 0.5370370370370371 0.196875 0.562962962962963
0 0.2140625 0.1111111111111111 0.121875 0.15555555555555556
0 0.5760416666666667 0.24074074074074073 0.08958333333333333 0.2222222222222222
0 0.8651041666666667 0.30925925925925923 0.04895833333333333 0.08518518518518518
0 0.40625 0.2518518518518518 0.058333333333333334 0.2074074074074074
0 0.5463541666666667 0.32314814814814813 0.153125 0.2611111111111111