0 0.9645833333333333 0.43333333333333335 0.06875 0.5185185185185185
0 0.6380208333333334 0.38055555555555554 0.12604166666666666 0.3055555555555556
0 0.21927083333333333 0.1175925925925926 0.042708333333333334 0.1425925925925926
0 0.28541666666666665 0.3888888888888889 0.19583333333333333 0.3962962962962963
0 0.8302083333333333 0.23425925925925925 0.08333333333333333 0.21296296296296297
0 0.5 0.2564814814814815 0.09791666666666667 0.20555555555555555
0 0.265625 0.24259259259259258 0.08958333333333333 0.15555555555555556
0 0.8697916666666666 0.2324074074074074 0.0625 0.20925925925925926
0 0.46822916666666664 0.21574074074074073 0.084375 0.12777777777777777
0 0.6026041666666667 0.25833333333333336 0.109375 0.15
0 0.071875 0.025 0.05416666666666667 0.05