0 0.18802083333333333 0.7518518518518519 0.37604166666666666 0.45555555555555555
0 0.8354166666666667 0.47129629629629627 0.13333333333333333 0.45
0 0.15520833333333334 0.11574074074074074 0.16458333333333333 0.23148148148148148
0 0.540625 0.3 0.09375 0.25555555555555554
0 0.29270833333333335 0.12129629629629629 0.13333333333333333 0.13518518518518519
0 0.6682291666666667 0.34444444444444444 0.11145833333333334 0.3851851851851852
0 0.7598958333333333 0.28055555555555556 0.103125 0.21666666666666667
0 0.98125 0.42407407407407405 0.035416666666666666 0.3074074074074074
0 0.9421875 0.3 0.11354166666666667 0.24074074074074073
0 0.440625 0.21851851851851853 0.03333333333333333 0.11481481481481481
0 0.5984375 0.22037037037037038 0.05520833333333333 0.12222222222222222
0 0.4625 0.27037037037037037 0.07708333333333334 0.21851851851851853