0 0.8307291666666666 0.6944444444444444 0.328125 0.4925925925925926
0 0.44375 0.49907407407407406 0.11041666666666666 0.2722222222222222
0 0.6171875 0.37037037037037035 0.030208333333333334 0.11481481481481481
0 0.44427083333333334 0.3888888888888889 0.04479166666666667 0.08148148148148149
0 0.5322916666666667 0.44814814814814813 0.06041666666666667 0.15925925925925927
0 0.5026041666666666 0.3990740740740741 0.03854166666666667 0.15
0 0.6901041666666666 0.4564814814814815 0.059375 0.19074074074074074
0 0.9755208333333333 0.5296296296296297 0.046875 0.1037037037037037
0 0.7432291666666667 0.46111111111111114 0.065625 0.1925925925925926
0 0.17760416666666667 0.16296296296296298 0.057291666666666664 0.05185185185185185
0 0.9119791666666667 0.5712962962962963 0.165625 0.37592592592592594