0 0.028645833333333332 0.2638888888888889 0.057291666666666664 0.3574074074074074
0 0.940625 0.7546296296296297 0.11666666666666667 0.2796296296296296
0 0.6770833333333334 0.5018518518518519 0.18958333333333333 0.31851851851851853
0 0.35104166666666664 0.4064814814814815 0.06666666666666667 0.1648148148148148
0 0.4390625 0.5231481481481481 0.08229166666666667 0.32037037037037036
0 0.6119791666666666 0.35555555555555557 0.042708333333333334 0.12222222222222222
0 0.4822916666666667 0.42777777777777776 0.052083333333333336 0.16296296296296298
0 0.5421875 0.4101851851851852 0.06770833333333333 0.10925925925925926
0 0.8723958333333334 0.4722222222222222 0.12604166666666666 0.2222222222222222
0 0.8052083333333333 0.4962962962962963 0.11875 0.25555555555555554
0 0.17552083333333332 0.33240740740740743 0.14479166666666668 0.2537037037037037
0 0.22604166666666667 0.2833333333333333 0.05 0.10740740740740741