0 0.38177083333333334 0.30092592592592593 0.15729166666666666 0.3055555555555556
0 0.91875 0.43796296296296294 0.16041666666666668 0.4351851851851852
0 0.6203125 0.2861111111111111 0.14479166666666668 0.22777777777777777
0 0.753125 0.3814814814814815 0.11041666666666666 0.3037037037037037
0 0.0953125 0.7462962962962963 0.190625 0.5
0 0.4359375 0.26851851851851855 0.11145833333333334 0.17037037037037037
0 0.2994791666666667 0.11481481481481481 0.057291666666666664 0.11481481481481481
0 0.6369791666666667 0.21666666666666667 0.07604166666666666 0.11851851851851852
0 0.9416666666666667 0.275 0.11458333333333333 0.22407407407407406
0 0.459375 0.20185185185185187 0.07083333333333333 0.1111111111111111
0 0.7151041666666667 0.26666666666666666 0.10104166666666667 0.2