0 0.1796875 0.3712962962962963 0.28854166666666664 0.4166666666666667
0 0.9083333333333333 0.24351851851851852 0.16875 0.3055555555555556
0 0.6234375 0.2833333333333333 0.14479166666666668 0.26666666666666666
0 0.07708333333333334 0.08796296296296297 0.15416666666666667 0.17592592592592593
0 0.49166666666666664 0.24722222222222223 0.0875 0.2351851851851852
0 0.684375 0.19444444444444445 0.05625 0.14074074074074075
0 0.3338541666666667 0.20925925925925926 0.042708333333333334 0.12222222222222222
0 0.6442708333333333 0.17222222222222222 0.059375 0.14074074074074075
0 0.5416666666666666 0.19814814814814816 0.06458333333333334 0.14444444444444443
0 0.778125 0.29444444444444445 0.10208333333333333 0.35555555555555557
0 0.39375 0.25 0.09583333333333334 0.2111111111111111
0 0.24010416666666667 0.10462962962962963 0.034375 0.10555555555555556
0 0.6125 0.1962962962962963 0.12291666666666666 0.18888888888888888