0 0.14739583333333334 0.7407407407407407 0.16770833333333332 0.48148148148148145
0 0.11770833333333333 0.3425925925925926 0.16041666666666668 0.16666666666666666
0 0.8260416666666667 0.5842592592592593 0.24583333333333332 0.42777777777777776
0 0.0609375 0.17314814814814813 0.06145833333333333 0.13518518518518519
0 0.3078125 0.45555555555555555 0.13020833333333334 0.1814814814814815
0 0.8395833333333333 0.48333333333333334 0.06875 0.16666666666666666
0 0.6208333333333333 0.525 0.0875 0.31666666666666665
0 0.675 0.4703703703703704 0.06875 0.3
0 0.5927083333333333 0.4009259259259259 0.05625 0.1537037037037037
0 0.9322916666666666 0.625 0.13333333333333333 0.32407407407407407
0 0.4432291666666667 0.6518518518518519 0.11770833333333333 0.4148148148148148
0 0.9317708333333333 0.7231481481481481 0.134375 0.12407407407407407
0 0.43020833333333336 0.537962962962963 0.09791666666666667 0.40185185185185185
0 0.31875 0.3925925925925926 0.10833333333333334 0.13333333333333333