0 0.8828125 0.837037037037037 0.23229166666666667 0.32222222222222224
0 0.6520833333333333 0.4759259259259259 0.0625 0.17407407407407408
0 0.28177083333333336 0.6287037037037037 0.14895833333333333 0.31666666666666665
0 0.4791666666666667 0.5416666666666666 0.09791666666666667 0.18333333333333332
0 0.9197916666666667 0.5333333333333333 0.04375 0.06296296296296296
0 0.38385416666666666 0.5 0.096875 0.17777777777777778
0 0.39479166666666665 0.6953703703703704 0.16458333333333333 0.3574074074074074
0 0.5911458333333334 0.5574074074074075 0.10104166666666667 0.2
0 0.47239583333333335 0.42407407407407405 0.11145833333333334 0.15185185185185185
0 0.8317708333333333 0.5185185185185185 0.08645833333333333 0.2
0 0.95 0.5175925925925926 0.09791666666666667 0.2833333333333333
0 0.8239583333333333 0.6388888888888888 0.19583333333333333 0.3333333333333333
0 0.5447916666666667 0.7703703703703704 0.27291666666666664 0.26666666666666666