0 0.9380208333333333 0.5120370370370371 0.121875 0.5277777777777778
0 0.4078125 0.42777777777777776 0.153125 0.4111111111111111
0 0.109375 0.32314814814814813 0.21875 0.32407407407407407
0 0.7375 0.7851851851851852 0.2791666666666667 0.4222222222222222
0 0.7026041666666667 0.39537037037037037 0.228125 0.4648148148148148
0 0.115625 0.6083333333333333 0.15208333333333332 0.3314814814814815
0 0.234375 0.44074074074074077 0.14166666666666666 0.5333333333333333
0 0.8963541666666667 0.26481481481481484 0.090625 0.24074074074074073
0 0.334375 0.23425925925925925 0.06458333333333334 0.12777777777777777
0 0.9729166666666667 0.3212962962962963 0.052083333333333336 0.20555555555555555
0 0.5328125 0.22870370370370371 0.053125 0.13148148148148148
0 0.5979166666666667 0.31296296296296294 0.12291666666666666 0.32222222222222224