0 0.9411458333333333 0.6925925925925925 0.115625 0.5074074074074074
0 0.3078125 0.3814814814814815 0.096875 0.27037037037037037
0 0.4140625 0.3712962962962963 0.08854166666666667 0.1685185185185185
0 0.0328125 0.15092592592592594 0.065625 0.30185185185185187
0 0.5828125 0.4703703703703704 0.271875 0.44074074074074077
0 0.11979166666666667 0.14074074074074075 0.13541666666666666 0.2814814814814815
0 0.225 0.18055555555555555 0.10208333333333333 0.1388888888888889
0 0.4473958333333333 0.27037037037037037 0.03854166666666667 0.07037037037037037
0 0.9583333333333334 0.35648148148148145 0.08125 0.17592592592592593
0 0.696875 0.4527777777777778 0.34375 0.387037037037037
0 0.615625 0.3148148148148148 0.04583333333333333 0.13703703703703704