0 0.9427083333333334 0.6953703703703704 0.11041666666666666 0.3055555555555556
0 0.7203125 0.8333333333333334 0.196875 0.32592592592592595
0 0.35104166666666664 0.8537037037037037 0.44583333333333336 0.28888888888888886
0 0.83125 0.6027777777777777 0.1375 0.2388888888888889
0 0.6182291666666667 0.5398148148148149 0.084375 0.11296296296296296
0 0.28854166666666664 0.675 0.15625 0.2611111111111111
0 0.2703125 0.5185185185185185 0.109375 0.18518518518518517
0 0.7479166666666667 0.5851851851851851 0.07708333333333334 0.1962962962962963
0 0.7026041666666667 0.5592592592592592 0.06145833333333333 0.1111111111111111
0 0.3619791666666667 0.5851851851851851 0.12604166666666666 0.16296296296296298
0 0.36597916666666663 0.5638888888888889 0.05280208333333333 0.15