0 0.9354166666666667 0.674074074074074 0.12708333333333333 0.2222222222222222
0 0.3770833333333333 0.2 0.07291666666666667 0.13703703703703704
0 0.8197916666666667 0.3138888888888889 0.12291666666666666 0.29814814814814816
0 0.2859375 0.2935185185185185 0.209375 0.32407407407407407
0 0.453125 0.35462962962962963 0.3 0.412962962962963
0 0.6276041666666666 0.3037037037037037 0.16145833333333334 0.32222222222222224
0 0.84375 0.23333333333333334 0.075 0.17777777777777778
0 0.26458333333333334 0.17777777777777778 0.05625 0.1259259259259259
0 0.9666666666666667 0.3212962962962963 0.06458333333333334 0.1388888888888889
0 0.9317708333333333 0.28703703703703703 0.084375 0.15925925925925927
0 0.5005208333333333 0.2175925925925926 0.06354166666666666 0.08333333333333333