0 0.515625 0.5601851851851852 0.37083333333333335 0.39814814814814814
0 0.2869791666666667 0.5527777777777778 0.16354166666666667 0.22777777777777777
0 0.334375 0.2101851851851852 0.06875 0.10925925925925926
0 0.37395833333333334 0.2814814814814815 0.15833333333333333 0.3333333333333333
0 0.49166666666666664 0.287962962962963 0.12083333333333333 0.17222222222222222
0 0.8979166666666667 0.37407407407407406 0.16458333333333333 0.31851851851851853
0 0.06354166666666666 0.5259259259259259 0.12708333333333333 0.3148148148148148
0 0.178125 0.29814814814814816 0.12916666666666668 0.2962962962962963
0 0.7020833333333333 0.27685185185185185 0.17708333333333334 0.2796296296296296
0 0.23489583333333333 0.28703703703703703 0.06979166666666667 0.24074074074074073
0 0.11614583333333334 0.4462962962962963 0.18645833333333334 0.23333333333333334