0 0.44166666666666665 0.3861111111111111 0.18333333333333332 0.42407407407407405
0 0.3151041666666667 0.29907407407407405 0.103125 0.3055555555555556
0 0.928125 0.46111111111111114 0.14166666666666666 0.5
0 0.5755208333333334 0.24166666666666667 0.042708333333333334 0.13148148148148148
0 0.32916666666666666 0.13148148148148148 0.035416666666666666 0.05555555555555555
0 0.696875 0.37222222222222223 0.24791666666666667 0.32222222222222224
0 0.4630208333333333 0.26666666666666666 0.06770833333333333 0.26296296296296295
0 0.4401041666666667 0.19537037037037036 0.026041666666666668 0.07592592592592592
0 0.1015625 0.09814814814814815 0.190625 0.1962962962962963
0 0.7057291666666666 0.21481481481481482 0.06354166666666666 0.13703703703703704
0 0.16458333333333333 0.09537037037037037 0.11041666666666666 0.19074074074074074
0 0.24895833333333334 0.11203703703703703 0.052083333333333336 0.11666666666666667