0 0.140625 0.7185185185185186 0.13333333333333333 0.43333333333333335
0 0.08333333333333333 0.3148148148148148 0.16666666666666666 0.24074074074074073
0 0.8697916666666666 0.7277777777777777 0.25833333333333336 0.3296296296296296
0 0.86875 0.9388888888888889 0.2604166666666667 0.11851851851851852
0 0.40729166666666666 0.5814814814814815 0.15208333333333332 0.44074074074074077
0 0.5645833333333333 0.5259259259259259 0.14791666666666667 0.36666666666666664
0 0.7057291666666666 0.5018518518518519 0.11770833333333333 0.3
0 0.9375 0.5342592592592592 0.12291666666666666 0.1574074074074074
0 0.7682291666666666 0.43333333333333335 0.10104166666666667 0.17407407407407408
0 0.275 0.475 0.0875 0.18703703703703703
0 0.07708333333333334 0.175 0.10833333333333334 0.15
0 0.8161458333333333 0.6138888888888889 0.14479166666666668 0.387037037037037