0 0.9453125 0.39537037037037037 0.10729166666666666 0.4462962962962963
0 0.7223958333333333 0.3861111111111111 0.23854166666666668 0.4759259259259259
0 0.4078125 0.23333333333333334 0.10104166666666667 0.18888888888888888
0 0.08802083333333334 0.5138888888888888 0.17604166666666668 0.3388888888888889
0 0.8953125 0.37222222222222223 0.190625 0.3962962962962963
0 0.2598958333333333 0.3490740740740741 0.084375 0.2574074074074074
0 0.41302083333333334 0.5703703703703704 0.24270833333333333 0.3925925925925926
0 0.4630208333333333 0.23425925925925925 0.05520833333333333 0.13148148148148148
0 0.5421875 0.25925925925925924 0.06354166666666666 0.2518518518518518
0 0.3072916666666667 0.2351851851851852 0.052083333333333336 0.15555555555555556
0 0.3380208333333333 0.4703703703703704 0.17395833333333333 0.34074074074074073
0 0.69375 0.22962962962962963 0.07916666666666666 0.2111111111111111