0 0.9458333333333333 0.3990740740740741 0.10625 0.4981481481481482
0 0.42135416666666664 0.5388888888888889 0.18854166666666666 0.3888888888888889
0 0.27447916666666666 0.4898148148148148 0.165625 0.3055555555555556
0 0.8177083333333334 0.337037037037037 0.20833333333333334 0.4
0 0.6260416666666667 0.35462962962962963 0.22083333333333333 0.47962962962962963
0 0.4708333333333333 0.24351851851851852 0.07916666666666666 0.13148148148148148
0 0.07760416666666667 0.48148148148148145 0.15520833333333334 0.3888888888888889
0 0.5447916666666667 0.2638888888888889 0.09166666666666666 0.2388888888888889
0 0.2296875 0.3055555555555556 0.128125 0.14444444444444443
0 0.3078125 0.24722222222222223 0.051041666666666666 0.16111111111111112
0 0.396875 0.24259259259259258 0.08125 0.1814814814814815