0 0.3828125 0.4111111111111111 0.051041666666666666 0.08888888888888889
0 0.46197916666666666 0.47314814814814815 0.08645833333333333 0.2833333333333333
0 0.8192708333333333 0.5175925925925926 0.19895833333333332 0.3574074074074074
0 0.5333333333333333 0.4027777777777778 0.0875 0.17222222222222222
0 0.39479166666666665 0.33055555555555555 0.025 0.04259259259259259
0 0.6135416666666667 0.3685185185185185 0.041666666666666664 0.06296296296296296
0 0.23489583333333333 0.2601851851851852 0.06354166666666666 0.13148148148148148
0 0.11666666666666667 0.32685185185185184 0.18958333333333333 0.38333333333333336
0 0.6890625 0.44537037037037036 0.10729166666666666 0.23148148148148148
0 0.0828125 0.21851851851851853 0.103125 0.17037037037037037
0 0.8916666666666667 0.4546296296296296 0.11666666666666667 0.2722222222222222