0 0.8416666666666667 0.48333333333333334 0.12916666666666668 0.44074074074074077
0 0.7052083333333333 0.34814814814814815 0.10625 0.37407407407407406
0 0.5572916666666666 0.2916666666666667 0.10208333333333333 0.25
0 0.4546875 0.26851851851851855 0.078125 0.21481481481481482
0 0.3265625 0.15555555555555556 0.11354166666666667 0.15185185185185185
0 0.090625 0.6685185185185185 0.18125 0.36666666666666664
0 0.6046875 0.21944444444444444 0.06145833333333333 0.11666666666666667
0 0.7645833333333333 0.2777777777777778 0.09375 0.21481481481481482
0 0.9864583333333333 0.3675925925925926 0.025 0.1648148148148148
0 0.9427083333333334 0.29907407407407405 0.1125 0.2537037037037037
0 0.1859375 0.13240740740740742 0.171875 0.26481481481481484
0 0.9255208333333333 0.31203703703703706 0.078125 0.17592592592592593