0 0.17135416666666667 0.1638888888888889 0.215625 0.3277777777777778
0 0.5713541666666667 0.4064814814814815 0.25729166666666664 0.43148148148148147
0 0.4630208333333333 0.27314814814814814 0.14895833333333333 0.20925925925925926
0 0.35989583333333336 0.2037037037037037 0.057291666666666664 0.14444444444444443
0 0.93125 0.26666666666666666 0.0875 0.2
0 0.9703125 0.7574074074074074 0.057291666666666664 0.16296296296296298
0 0.8390625 0.2361111111111111 0.096875 0.17592592592592593
0 0.809375 0.30648148148148147 0.14583333333333334 0.2833333333333333
0 0.7125 0.32222222222222224 0.08958333333333333 0.34814814814814815
0 0.5838541666666667 0.22777777777777777 0.071875 0.2074074074074074
0 0.9703125 0.3194444444444444 0.057291666666666664 0.06851851851851852
0 0.3807291666666667 0.18055555555555555 0.034375 0.06481481481481481
0 0.5348958333333333 0.22592592592592592 0.057291666666666664 0.16666666666666666
0 0.25833333333333336 0.21388888888888888 0.06875 0.21666666666666667