0 0.478125 0.737037037037037 0.16041666666666668 0.4925925925925926
0 0.90625 0.4962962962962963 0.08541666666666667 0.2777777777777778
0 0.22552083333333334 0.18796296296296297 0.04895833333333333 0.06851851851851852
0 0.3 0.3824074074074074 0.0375 0.08703703703703704
0 0.39375 0.39166666666666666 0.06041666666666667 0.06851851851851852
0 0.5494791666666666 0.4009259259259259 0.13229166666666667 0.29444444444444445
0 0.49270833333333336 0.3287037037037037 0.01875 0.05740740740740741
0 0.6828125 0.5388888888888889 0.16979166666666667 0.2851851851851852
0 0.42083333333333334 0.3472222222222222 0.022916666666666665 0.046296296296296294
0 0.5359375 0.36203703703703705 0.06145833333333333 0.09074074074074075
0 0.9890625 0.5185185185185185 0.019791666666666666 0.10740740740740741
0 0.8697916666666666 0.4388888888888889 0.12291666666666666 0.18888888888888888