0 0.19114583333333332 0.7620370370370371 0.38229166666666664 0.4685185185185185
0 0.6651041666666667 0.3425925925925926 0.153125 0.3851851851851852
0 0.8473958333333333 0.4777777777777778 0.17395833333333333 0.43703703703703706
0 0.5260416666666666 0.31666666666666665 0.11041666666666666 0.25555555555555554
0 0.4375 0.2175925925925926 0.029166666666666667 0.09444444444444444
0 0.14947916666666666 0.10925925925925926 0.165625 0.18518518518518517
0 0.9651041666666667 0.42314814814814816 0.06770833333333333 0.30185185185185187
0 0.7588541666666667 0.2796296296296296 0.103125 0.21851851851851853
0 0.45989583333333334 0.30462962962962964 0.06770833333333333 0.14629629629629629
0 0.5921875 0.21851851851851853 0.028125 0.11851851851851852
0 0.3177083333333333 0.12129629629629629 0.06458333333333334 0.09814814814814815
0 0.2546875 0.1111111111111111 0.121875 0.12962962962962962