0 0.06875 0.13240740740740742 0.1375 0.26481481481481484
0 0.25625 0.21666666666666667 0.05416666666666667 0.2074074074074074
0 0.4114583333333333 0.2740740740740741 0.13958333333333334 0.22592592592592592
0 0.9739583333333334 0.3787037037037037 0.05 0.387037037037037
0 0.715625 0.44907407407407407 0.15833333333333333 0.49074074074074076
0 0.5130208333333334 0.2833333333333333 0.07604166666666666 0.2740740740740741
0 0.3234375 0.2074074074074074 0.065625 0.14814814814814814
0 0.9276041666666667 0.2851851851851852 0.09270833333333334 0.16666666666666666
0 0.5734375 0.21574074074074073 0.03854166666666667 0.13148148148148148
0 0.5223958333333333 0.22037037037037038 0.08020833333333334 0.15185185185185185
0 0.7572916666666667 0.30277777777777776 0.2916666666666667 0.30185185185185187