0 0.5130208333333334 0.7611111111111111 0.17604166666666668 0.4703703703703704
0 0.4125 0.3768518518518518 0.08958333333333333 0.10555555555555556
0 0.984375 0.5222222222222223 0.029166666666666667 0.11481481481481481
0 0.5505208333333333 0.45092592592592595 0.09895833333333333 0.20185185185185187
0 0.3072916666666667 0.3888888888888889 0.035416666666666666 0.08148148148148149
0 0.9057291666666667 0.49166666666666664 0.08229166666666667 0.29444444444444445
0 0.6953125 0.5685185185185185 0.16354166666666667 0.25555555555555554
0 0.85 0.44166666666666665 0.08333333333333333 0.18703703703703703
0 0.49270833333333336 0.33055555555555555 0.020833333333333332 0.06111111111111111
0 0.5239583333333333 0.387037037037037 0.052083333333333336 0.12962962962962962
0 0.6072916666666667 0.3824074074074074 0.03958333333333333 0.06481481481481481