0 0.396875 0.5546296296296296 0.14583333333333334 0.2833333333333333
0 0.8703125 0.6814814814814815 0.234375 0.337037037037037
0 0.5979166666666667 0.5842592592592593 0.20625 0.2722222222222222
0 0.5713541666666667 0.3907407407407407 0.090625 0.13703703703703704
0 0.4348958333333333 0.43148148148148147 0.10520833333333333 0.2222222222222222
0 0.45364583333333336 0.36574074074074076 0.04479166666666667 0.1425925925925926
0 0.49270833333333336 0.42685185185185187 0.052083333333333336 0.17962962962962964
0 0.8130208333333333 0.39444444444444443 0.04479166666666667 0.14444444444444443
0 0.6989583333333333 0.5231481481481481 0.13333333333333333 0.22037037037037038
0 0.9854166666666667 0.37962962962962965 0.027083333333333334 0.14444444444444443
0 0.8375 0.4064814814814815 0.09375 0.17222222222222222
0 0.6791666666666667 0.38333333333333336 0.07291666666666667 0.12222222222222222
0 0.8989583333333333 0.5675925925925925 0.17291666666666666 0.3425925925925926