0 0.75625 0.4111111111111111 0.27708333333333335 0.362962962962963
0 0.4375 0.5333333333333333 0.3 0.5185185185185185
0 0.16458333333333333 0.46111111111111114 0.26875 0.337037037037037
0 0.9255208333333333 0.4 0.146875 0.18518518518518517
0 0.5713541666666667 0.33240740740740743 0.18020833333333333 0.26481481481481484
0 0.425 0.2638888888888889 0.06666666666666667 0.23148148148148148
0 0.6 0.25 0.09583333333333334 0.21851851851851853
0 0.7552083333333334 0.25277777777777777 0.05625 0.19444444444444445
0 0.121875 0.10833333333333334 0.07291666666666667 0.19444444444444445
0 0.2796875 0.175 0.13645833333333332 0.18333333333333332
0 0.1109375 0.2490740740740741 0.128125 0.20555555555555555
0 0.8067708333333333 0.2953703703703704 0.06145833333333333 0.07962962962962963