0 0.10188046875000001 0.4732208333333333 0.10922421874999999 0.4722427083333333 0.11142734375 0.494759375 0.12795078124999998 0.5094447916666667 0.11620078125 0.5246197916666666 0.14300625 0.5158083333333333 0.1602640625 0.519725 0.168709375 0.5109135416666667 0.16015625 0.5041666666666667 0.13198984375 0.4742 0.11106015625000001 0.45902604166666666
0 0.18982734375000002 0.421203125 0.19399921874999998 0.421203125 0.19265859375 0.43331770833333333 0.1890828125 0.44146145833333333 0.18984375 0.4552083333333333 0.199809375 0.4696635416666667 0.20174609375000002 0.47780625000000004 0.19735078125 0.48448020833333333 0.20696015625 0.48237395833333335 0.20904609375 0.47423125 0.21709140625 0.47760729166666666 0.22364609375 0.4875375 0.23154218750000002 0.4891270833333333 0.23124453125 0.48118229166666665 0.22230546874999998 0.464896875 0.21321718750000002 0.440865625 0.20591718750000002 0.43073645833333335 0.20085234375 0.41226562499999997 0.1945953125 0.407896875
0 0.26968125 0.38840833333333336 0.26521171875 0.397146875 0.26521171875 0.400721875 0.271021875 0.3985375 0.2731078125 0.4035020833333334 0.27251171875 0.422965625 0.278321875 0.43051354166666667 0.28085468750000003 0.4348822916666667 0.2835359375 0.43964895833333334 0.28159921875 0.4495791666666667 0.28979296875 0.4491822916666666 0.29232578125 0.44163541666666667 0.31675859375000004 0.455140625 0.3182484375 0.44799062500000003 0.309309375 0.4362729166666667 0.30022187499999997 0.42217187500000003 0.29187890625 0.41363125 0.28457890625000004 0.40668020833333335 0.2795140625 0.39833854166666666 0.27593828125000003 0.38999687499999997
0 0.45083359375 0.371875 0.45083359375 0.38125 0.44927109375 0.38645833333333335 0.44892421875000005 0.39327708333333333 0.45262109375000004 0.39660833333333334 0.46194218749999993 0.40486875 0.46907578125000005 0.41597604166666663 0.47113281249999994 0.409728125 0.47217421875000004 0.40431354166666666 0.46411484375 0.38333333333333336 0.45786484375000003 0.36875 0.45552109375 0.36666666666666664 0.45340234375 0.3637052083333333 0.45189218750000004 0.36155312500000003 0.45161484375 0.36770833333333336 0.45161484375 0.37083333333333335
0 0.51953125 0.36875 0.51484375 0.3729166666666667 0.5171875 0.37604166666666666 0.53046875 0.38333333333333336 0.540625 0.39895833333333336 0.54609375 0.39895833333333336 0.55234375 0.396875 0.559375 0.396875 0.5640625 0.39895833333333336 0.56640625 0.3958333333333333 0.56640625 0.39166666666666666 0.56328125 0.3875 0.5609375 0.38645833333333335 0.553125 0.37395833333333334 0.5484375 0.37083333333333335 0.540625 0.371875 0.53125 0.3697916666666667 0.52890625 0.36770833333333336
0 0.5390625 0.3177083333333333 0.53671875 0.321875 0.5390625 0.32916666666666666 0.54375 0.334375 0.5453125 0.3375 0.55078125 0.3375 0.55234375 0.3385416666666667 0.55625 0.33541666666666664 0.56015625 0.33541666666666664 0.5625 0.3333333333333333 0.5671875 0.33229166666666665 0.56875 0.3302083333333333 0.56875 0.3260416666666667 0.56796875 0.325 0.55625 0.31354166666666666 0.55 0.3104166666666667 0.54609375 0.3104166666666667 0.54296875 0.3125
0 0.571875 0.290625 0.56953125 0.29375 0.56953125 0.30416666666666664 0.57109375 0.3104166666666667 0.57578125 0.315625 0.5796875 0.321875 0.5828125 0.31979166666666664 0.59296875 0.325 0.59296875 0.3260416666666667 0.5953125 0.328125 0.59609375 0.32708333333333334 0.5984375 0.32708333333333334 0.59921875 0.3260416666666667 0.5984375 0.3177083333333333 0.59140625 0.30625 0.58359375 0.29583333333333334 0.57578125 0.290625
0 0.9625 0.32395833333333335 0.96171875 0.3260416666666667 0.96171875 0.33229166666666665 0.96640625 0.33645833333333336 0.97890625 0.3375 0.9796875 0.33645833333333336 0.996875 0.33541666666666664 0.99921875 0.334375 0.99921875 0.33125 0.996875 0.33125 0.99140625 0.32708333333333334 0.9828125 0.3229166666666667 0.97265625 0.32083333333333336 0.9703125 0.31875 0.9671875 0.31875 0.96640625 0.3177083333333333
0 0.92483046875 0.309734375 0.92421875 0.315625 0.92734375 0.31875 0.934375 0.31875 0.94296875 0.3177083333333333 0.94375 0.31666666666666665 0.94921875 0.31666666666666665 0.95 0.315625 0.9537125 0.30946666666666667 0.9556757812500001 0.30855520833333333 0.957640625 0.3058052083333333 0.9546875 0.30625 0.9502734374999999 0.30724583333333333 0.947915625 0.30724583333333333 0.9450664062499999 0.30541250000000003 0.942709375 0.30475729166666665 0.9347523437499999 0.30515000000000003 0.93046875 0.30520833333333336 0.9277773437500001 0.30554375
0 0.86796875 0.30416666666666664 0.8671875 0.30520833333333336 0.8671875 0.309375 0.8703125 0.3125 0.87734375 0.3125 0.88828125 0.3104166666666667 0.890625 0.30625 0.88984375 0.3020833333333333 0.8859375 0.296875 0.8828125 0.296875 0.88203125 0.29791666666666666 0.87734375 0.29791666666666666
0 0.90859375 0.3020833333333333 0.90703125 0.30625 0.909375 0.3072916666666667 0.9234375 0.30833333333333335 0.93203125 0.30416666666666664 0.93203125 0.296875 0.9328125 0.29583333333333334 0.9328125 0.29375 0.93203125 0.290625 0.92734375 0.290625 0.9265625 0.2916666666666667 0.9234375 0.2916666666666667 0.91328125 0.29791666666666666
0 0.6921875 0.2989583333333333 0.6921875 0.3 0.690625 0.3020833333333333 0.690625 0.30416666666666664 0.69140625 0.3072916666666667 0.69296875 0.309375 0.69921875 0.3104166666666667 0.7 0.31145833333333334 0.7078125 0.31145833333333334 0.70859375 0.3104166666666667 0.71328125 0.3104166666666667 0.7140625 0.3072916666666667 0.71328125 0.3020833333333333 0.70859375 0.2989583333333333 0.7046875 0.296875 0.7015625 0.296875 0.70078125 0.29583333333333334 0.7 0.296875 0.696875 0.296875
0 0.7171875 0.290625 0.715625 0.29791666666666666 0.715625 0.30104166666666665 0.71640625 0.3020833333333333 0.71640625 0.3072916666666667 0.71796875 0.30833333333333335 0.728125 0.30833333333333335 0.72890625 0.3072916666666667 0.7328125 0.3072916666666667 0.73515625 0.30625 0.734375 0.30520833333333336 0.734375 0.3020833333333333 0.73359375 0.30104166666666665 0.73359375 0.29791666666666666 0.7328125 0.296875 0.7328125 0.290625 0.7296875 0.2791666666666667 0.728125 0.278125 0.7234375 0.28125
0 0.759375 0.28840312500000004 0.7578125 0.29361145833333335 0.75 0.3050697916666667 0.75 0.307153125 0.7515625 0.30923645833333335 0.75390625 0.310278125 0.7640625 0.310278125 0.76484375 0.30923645833333335 0.76875 0.30923645833333335 0.77109375 0.3081947916666667 0.771875 0.3050697916666667 0.771875 0.2956947916666667 0.7703125 0.2894447916666667 0.7671875 0.2863197916666667 0.7640625 0.2863197916666667 0.76328125 0.285278125 0.7609375 0.2863197916666667